280282
 280283
 280284
 280285
 280286
 280290
 280310
 280312
 280348
 280349
 280350
 280351
 280374
 280375
 280403
 280405
 280406
 280412
 280413
 280415
 280419
 280443
 280445
 280446
 280447
 280448
 280490
 280499
 280518
 280519
 280546
 280547
 280551
 280574
 280575
 280576
 280581
 280583
 280613
 280634
 280636
 280637
 280639
 280645
 280647
 280671
 280679
 280681
 280705
 280729
 280753
 280755
 280756
 280757
 280761
 280762
 280763
 280764
 280765
 280766
 280767
 280768
 280786
 280787
 280792
 280793
 280842
 280844
 280845
 280847
 280848
 280849
 280854
 280856
 280880
 280881
 280890
 280897
 280936
 280940
 280943
 280947
 280990
 280994
 280996
 280997
 280998
 280999
 281032
 281033
 281035
 281036
 281060
 281061
 281062
 281080
 281081
 281179
 281180
 281181
 281189
 281190
 281191
 281212
 281213
 281240
 281241
 281242
 281243
 281244
 281271
 281273
 281275
 281277
 281301
 281321
 281415
 281441
 281443
 281444
 281446
 281449
 281450
 281475
 281477
 281509
 281557
 281562
 281563
 281568
 281592
 281633
 281892
 281893
 281894
 281895
 281915
 281916
 281918
 281931
 281932
 281939
 281940
 281953
 281956
 281961
