274801
 274802
 274803
 274806
 274807
 274811
 274815
 274817
 274821
 274822
 274877
 274878
 274882
 274886
 274978
 274979
 275067
 275068
 275073
 275075
 275076
 275149
 275150
 275151
 275173
 275174
 275177
 275180
 275184
 275188
 275239
 275245
 275246
 275247
 275283
 275314
 275322
 275324
 275326
 275328
 275332
 275333
 275360
 275361
 275369
 275372
 275394
 275395
 275401
 275404
 275406
 275443
 275448
 275452
 275453
 275456
 275457
 275459
 275467
 275471
 275472
 275515
 275558
 275559
 275612
 275617
 275621
 275622
 275623
 275624
 275647
 275648
 275650
 275657
 275661
 275664
 275847
 275924
 275925
 276012
 276013
 276017
 276019
 276020
 276040
 276041
 276045
 276097
 276098
 276099
 276102
 276104
 276135
 276140
 276145
 276166
 276169
 276170
 276177
 276178
 276205
 276230
 276257
 276259
 276290
 276291
 276292
 276294
 276297
 276302
 276307
 276312
 276348
 276351
 276435
 276437
 276438
 276439
 276462
 276506
 276507
 276508
