289971
 289966
 289965
 289943
 289941
 289940
 289928
 289884
 289880
 289879
 289857
 289856
 289855
 289854
 289852
 289849
 289830
 289818
 289817
 289816
 289815
 289814
 289811
 289808
 289775
 289757
 289732
 289731
 289729
 289724
 289723
 289721
 289666
 289664
 289660
 289659
 289658
 289657
 289625
 289582
 289577
 289576
 289574
 289547
 289521
 289494
 289493
 289468
 289466
 289465
 289463
 289462
 289444
 289426
 289374
 289373
 289370
 289369
 289368
 289367
 289366
 289365
 289356
 289355
 289354
 289353
 289309
 289308
 289306
 289303
 289300
 289281
 289280
 289278
 289277
 289276
 289275
 289254
 289253
 289249
 289247
 289243
 289242
 289241
 289240
