287000
287021
287063
287064
287066
287071
287072
287077
287137
287155
287185
287201
287202
287203
287204
287208
287209
287248
287249
287250
287251
287254
287283
287323
287324
287325
287343
287344
287346
287347
287349
287355
287356
287360
287380
287387
287388
287389
287413
287451
287480
287481
287486
287513
287516
287517
287518
287520
287521
287524
287573
287575
287576
287578
287654
287656
287657
287658
287783
287784
287876
287877
287883
287884
287885
287911
287912
287913
287915
287923
287941
287975
287977
