289240
289241
289242
289243
289247
289249
289253
289254
289275
289276
289277
289278
289280
289281
289300
289303
289306
289308
289309
289353
289354
289355
289356
289365
289366
289367
289368
289369
289370
289373
289374
289466
289468
289493
289494
289521
289547
289574
289576
289577
289582
289625
289657
289658
289659
289660
289664
289666
289721
289723
289724
289729
289731
289732
289757
289775
289808
289811
289814
289815
289816
289817
289818
289830
289849
289852
289854
289855
289856
289857
289879
289880
289884
289928
289940
289941
289943
289965
289966
289971
