290323
290324
290350
290374
290375
290376
290399
290401
290404
290411
290412
290423
290425
290426
290427
290428
290456
290458
290459
290467
290469
290499
290500
290501
290538
290539
290540
290544
290549
290550
290553
290588
290590
290612
290613
290614
290615
290627
290632
290645
290658
290660
290665
290687
290689
290692
290696
290699
290721
290764
290766
290769
290774
290776
290787
290790
290841
290843
290846
290848
290853
290860
290862
290886
290887
290888
290892
290894
290895
290932
290941
290943
290944
290948
290974
290975
290976
290979
290980
291002
291003
291004
291005
291006
291035
291037
291041
291065
291066
291069
291093
291100
291101
291110
291111
291116
291143
291188
291209
291240
291257
291262
291263
291265
291266
291282
291283
291284
291285
291286
291360
291361
291362
291363
291375
291377
291397
291399
291400
291402
291416
291417
291419
291420
291424
291446
291447
291451
291453
291456
291457
291481
291482
291484
291485
291590
291614
291615
291618
291622
291624
291626
291657
291661
291665
291690
291692
291694
291697
291698
291702
291706
291729
291755
291756
291760
291762
291766
291768
291769
291795
291796
291803
291942
291943
291944
291945
291946
291948
291953
291976
291977
291982
292012
292040
292060
292061
292062
292067
292075
292077
292080
292081
292106
292107
292108
292115
292140
292160
292161
292162
292163
292164
292166
292167
292168
292192
292218
292240
292241
292242
292265
292269
292270
292273
292274
292298
292397
292398
292405
292406
292428
292429
292430
292432
292434
292456
292457
292460
292461
292495
292496
292497
292500
292521
292523
292524
292526
292553
292554
292559
292560
292563
292584
292586
292693
292695
292696
292698
292701
292704
292737
292739
292744
292747
292748
292750
292752
292754
292758
292803
292804
292809
292810
292811
292831
292832
292834
292836
292839
