294009
294010
294011
294012
294013
294131
294152
294154
294155
294156
294199
294200
294201
294205
294208
294210
294212
294241
294242
294305
294307
294308
294310
294524
294525
294526
294527
294529
294530
294531
294553
294556
294558
294562
294563
294586
294587
294588
294590
294591
294593
294632
294633
294634
294636
294653
294703
294710
294715
294716
294718
294721
294722
294741
294742
294743
294744
294745
294746
294747
294749
294769
294772
294774
294775
294818
294852
294875
294877
294880
294883
294884
294916
294925
